Left:
('D = ', [0.05015732008478145, -0.06865642506811076, 0.015216138298066261, -0.0047858828072609, 0.0])
('K = ', [572.9006065135644, 0.0, 327.54948217367433, 0.0, 576.8626422290548, 281.96283975316965, 0.0, 0.0, 1.0])
('R = ', [0.9999450749642108, 0.003592856124681154, -0.009845732054356848, -0.003551615877454948, 0.999984860585944, 0.0042029303550407265, 0.00986068351981033, -0.004167731250651146, 0.9999426968265455])
('P = ', [586.5225998230077, 0.0, 330.1536102294922, 0.0, 0.0, 586.5225998230077, 287.6312313079834, 0.0, 0.0, 0.0, 1.0, 0.0])

Right:
('D = ', [0.011629463382155498, -0.06992439780306953, 0.008516074245974208, -0.008399314830953974, 0.0])
('K = ', [573.8917816266775, 0.0, 322.93961781573125, 0.0, 577.2536230243674, 279.98159492358565, 0.0, 0.0, 1.0])
('R = ', [0.9998620148916112, 0.0091184388898424, -0.013885432982073785, -0.009176476951232079, 0.9999494001609753, -0.00412181858763938, 0.013847145830493719, 0.004248669193772674, 0.9998950971789146])
('P = ', [586.5225998230077, 0.0, 330.1536102294922, -120.26916349515457, 0.0, 586.5225998230077, 287.6312313079834, 0.0, 0.0, 0.0, 1.0, 0.0])
('self.T ', [-0.2050263164247754, -0.001869777938640044, 0.0028472720574205957])
('self.R ', [0.9999762310785851, -0.005641688843127964, 0.003963410761617955, 0.005608396675306087, 0.9999493154406112, 0.008361365712936596, -0.004010382101545836, -0.008338938592553703, 0.9999571885528646])
None
# oST version 5.0 parameters


[image]

width
640

height
480

[narrow_stereo/left]

camera matrix
572.900607 0.000000 327.549482
0.000000 576.862642 281.962840
0.000000 0.000000 1.000000

distortion
0.050157 -0.068656 0.015216 -0.004786 0.000000

rectification
0.999945 0.003593 -0.009846
-0.003552 0.999985 0.004203
0.009861 -0.004168 0.999943

projection
586.522600 0.000000 330.153610 0.000000
0.000000 586.522600 287.631231 0.000000
0.000000 0.000000 1.000000 0.000000

# oST version 5.0 parameters


[image]

width
640

height
480

[narrow_stereo/right]

camera matrix
573.891782 0.000000 322.939618
0.000000 577.253623 279.981595
0.000000 0.000000 1.000000

distortion
0.011629 -0.069924 0.008516 -0.008399 0.000000

rectification
0.999862 0.009118 -0.013885
-0.009176 0.999949 -0.004122
0.013847 0.004249 0.999895

projection
586.522600 0.000000 330.153610 -120.269163
0.000000 586.522600 287.631231 0.000000
0.000000 0.000000 1.000000 0.000000

